                              
          00000000000000000000
0000000000000001          0000
0001         0000 0000000 0000
00000 000000 0000       0 0000
    0 000000 0000000000 0 0   3
 00 0     00 000    0   0 0 00
000 00000 00    0   0 000 0 00
000 0  20 00 00 0   0 000 0 00
000 0 000 0  20 0   0 000 0 00
01     00 00 00 00000 0 0   00
000000 00 0001        0 000000
00000     000000000000       0
0     00002                  0
00000     0000000000         0
01             0    0000000000
000000000000000000000000000000